1.0000
1.0000
1.0000
1.0000
1.0000
1.0000
1.0000
1.0000
1.0000
1.0000
1.0000
1.0000
1.0000
1.0000
1.0000
1.0000
1.0000
1.0000
1.0000
1.0000
1.0000
1.0000
1.0000
1.0000
1.0000
1.0000
1.0000
1.0000
1.0000
1.0000

0.9242
0.9242
0.9242
0.9242
0.9242
0.9242
0.9242
0.9242
0.9242
0.9242
0.9242
0.9242
0.9242
0.9242
0.9242
0.9242
0.9242
0.9242
0.9242
0.9242
0.9242
0.9242
0.9242
0.9242
0.9242
0.9242
0.9242
0.9242
0.9242
0.9242

0.9121
0.8891
0.9112
0.9028
0.8817
0.8871
0.8743
0.8836
0.8803
0.8977
0.8829
0.9096
0.9014
0.9065
0.9000
0.8945
0.9123
0.9000
0.8961
0.8755
0.8945
0.8704
0.9089
0.9170
0.9042
0.8994
0.9082
0.9038
0.8715
0.9019

0.8147
0.7915
0.8122
0.8103
0.8131
0.7989
0.8038
0.8131
0.7950
0.8203
0.8096
0.7987
0.8096
0.8154
0.7999
0.8038
0.8131
0.7931
0.8036
0.8084
0.8022
0.8057
0.7973
0.8054
0.8124
0.8133
0.7973
0.8101
0.8112
0.8140
