0.9825
0.9734
0.9870
0.9792
0.9877
0.9882
0.9729
0.9751
0.9764
0.9871
0.9847
0.9912
0.9902
0.9562
0.9908
1.0000
0.9598
0.9649
0.9901
0.9867
0.9708
0.9734
0.9951
0.9635
0.9741
0.9847
0.9871
0.9793
0.9891
0.9818

0.9249
0.9305
0.9305
0.9219
0.9375
0.9179
0.9306
0.9268
0.9257
0.9271
0.9390
0.9246
0.9363
0.9167
0.9345
0.9181
0.9151
0.9382
0.9274
0.9237
0.9319
0.9309
0.9267
0.9310
0.9254
0.9414
0.9335
0.9387
0.9296
0.9194

0.9692
0.9738
0.9596
0.9750
0.9807
0.9569
0.9377
0.9548
0.9460
0.9468
0.9541
0.9582
0.9624
0.9454
0.9478
0.9694
0.9503
0.9804
0.9666
0.9510
0.9695
0.9568
0.9632
0.9477
0.9814
0.9832
0.9638
0.9586
0.9452
0.9661

0.9180
0.9188
0.9286
0.9260
0.9146
0.9014
0.9216
0.9197
0.9173
0.9190
0.9264
0.9167
0.9256
0.9166
0.9137
0.9039
0.9284
0.9349
0.9289
0.9184
0.9209
0.9130
0.9237
0.9233
0.9095
0.9260
0.9137
0.9265
0.9098
0.9091
