1.0000
1.0000
1.0000
1.0000
1.0000
1.0000
1.0000
1.0000
1.0000
1.0000
1.0000
1.0000
1.0000
1.0000
1.0000
1.0000
1.0000
1.0000
1.0000
1.0000
1.0000
1.0000
1.0000
1.0000
1.0000
1.0000
1.0000
1.0000
1.0000
1.0000

0.8907
0.8907
0.8907
0.8907
0.8907
0.8907
0.8907
0.8907
0.8907
0.8907
0.8907
0.8907
0.8907
0.8907
0.8907
0.8907
0.8907
0.8907
0.8907
0.8907
0.8907
0.8907
0.8907
0.8907
0.8907
0.8907
0.8907
0.8907
0.8907
0.8907

0.9256
0.9256
0.9256
0.9256
0.9256
0.9256
0.9331
0.9331
0.9256
0.9256
0.9256
0.9256
0.9256
0.9256
0.9256
0.9256
0.9256
0.9453
0.9453
0.9256
0.9256
0.9058
0.9058
0.9058
0.9256
0.9256
0.9256
0.9256
0.9256
0.8901

0.8465
0.8465
0.8465
0.8535
0.8599
0.8599
0.8535
0.8541
0.8541
0.8535
0.8541
0.8541
0.8500
0.8541
0.8541
0.8599
0.8541
0.8541
0.8541
0.8465
0.8535
0.8535
0.8541
0.8541
0.8541
0.8541
0.8535
0.8535
0.8465
0.8500
