0.9896
0.9896
0.9524
0.9524
0.9566
0.9566
0.9896
0.9896
0.9798
0.9798
0.9524
0.9524
0.9878
0.9878
1.0000
1.0000
0.9524
0.9524
0.9853
0.9853
0.9157
0.9157
0.9701
0.9701
0.9835
0.9835
0.9927
0.9927
0.9817
0.9817

0.8894
0.8894
0.8894
0.8894
0.8894
0.8894
0.8894
0.8894
0.8894
0.8894
0.8894
0.9035
0.9035
0.8894
0.8894
0.8894
0.8894
0.9035
0.9035
0.8894
0.8894
0.8894
0.8894
0.8894
0.8894
0.8894
0.8894
0.8894
0.8894
0.8894

0.8894
0.8894
0.8894
0.8894
0.8894
0.8894
0.8894
0.8894
0.8894
0.8894
0.8894
0.8894
0.8894
0.8894
0.8894
0.8894
0.8894
0.8894
0.8894
0.8894
0.8894
0.8894
0.8894
0.9035
0.9035
0.8894
0.8894
0.8894
0.8894
0.8894

0.8894
0.8894
0.8894
0.8894
0.8894
0.8894
0.8894
0.8894
0.8894
0.8894
0.8894
0.8894
0.8894
0.8894
0.8894
0.8894
0.8894
0.8894
0.8894
0.8894
0.8894
0.8894
0.8894
0.8894
0.8894
0.8894
0.8894
0.8894
0.8894
0.8894
