0.9474
0.9474
0.9474
1.0000
1.0000
1.0000
1.0000
0.9427
0.9427
0.9427
0.9427
0.9427
0.9427
0.9427
0.9427
0.9427
0.9427
0.9427
0.9754
0.9754
0.9754
0.9754
0.9754
0.9988
0.9988
0.9988
0.9988
0.9988
0.9965
0.9965

0.9357
0.9357
0.9427
0.9427
0.9427
0.9427
0.9357
0.9357
0.9357
0.9357
0.9357
0.9427
0.9427
0.9427
0.9427
0.9427
0.9427
0.9427
0.9427
0.9357
0.9357
0.9357
0.9357
0.9357
0.9357
0.9357
0.9357
0.9357
0.9357
0.9357

0.9357
0.9357
0.9357
0.9357
0.9357
0.9357
0.9357
0.9357
0.9357
0.9357
0.9357
0.9357
0.9357
0.9427
0.9427
0.9427
0.9427
0.9357
0.9357
0.9357
0.9357
0.9357
0.9357
0.9357
0.9357
0.9357
0.9357
0.9357
0.9357
0.9357

0.9357
0.9357
0.9357
0.9357
0.9357
0.9357
0.9357
0.9357
0.9357
0.9357
0.9357
0.9357
0.9357
0.9357
0.9357
0.9357
0.9357
0.9357
0.9357
0.9357
0.9357
0.9357
0.9357
0.9357
0.9357
0.9357
0.9357
0.9357
0.9357
0.9357
