0.9235
0.9235
0.9424
0.9424
0.9417
0.9417
0.9405
0.9405
0.9854
0.9854
0.9187
0.9187
0.8762
0.8762
0.9187
0.9187
0.9205
0.9205
0.8962
0.8962
0.9782
0.9782
0.9290
0.9606
0.9606
1.0000
1.0000
0.9308
0.9308
0.9375

0.8629
0.8629
0.8477
0.8477
0.8738
0.8738
0.8422
0.8422
0.8350
0.8350
0.8568
0.8568
0.8525
0.8477
0.8477
0.8623
0.8623
0.8307
0.8307
0.8459
0.8459
0.8307
0.8307
0.8550
0.8550
0.8459
0.8459
0.8629
0.8629
0.8350

0.8489
0.8350
0.8350
0.8307
0.8489
0.8489
0.8459
0.8459
0.8428
0.8428
0.8350
0.8525
0.8525
0.8495
0.8495
0.8350
0.8350
0.8350
0.8350
0.8350
0.8350
0.8350
0.8350
0.8525
0.8525
0.8350
0.8350
0.8350
0.8350
0.8459

0.8477
0.8307
0.8459
0.8459
0.8307
0.8477
0.8477
0.8307
0.8459
0.8459
0.8307
0.8307
0.8307
0.8307
0.8307
0.8307
0.8459
0.8459
0.8350
0.8459
0.8459
0.8307
0.8307
0.8307
0.8307
0.8307
0.8307
0.8350
0.8350
0.8307
