1.0000
1.0000
1.0000
1.0000
1.0000
1.0000
1.0000
1.0000
1.0000
1.0000
1.0000
1.0000
1.0000
1.0000
1.0000
1.0000
1.0000
1.0000
1.0000
1.0000
1.0000
1.0000
1.0000
1.0000
1.0000
1.0000
1.0000
1.0000
1.0000
1.0000

0.9788
0.9788
0.9788
0.9788
0.9788
0.9788
0.9788
0.9788
0.9788
0.9788
0.9788
0.9788
0.9788
0.9788
0.9788
0.9788
0.9788
0.9788
0.9788
0.9788
0.9788
0.9788
0.9788
0.9788
0.9788
0.9788
0.9788
0.9788
0.9788
0.9788

0.9813
0.9808
0.9859
0.9663
0.9805
0.9731
0.9779
0.9697
0.9678
0.9675
0.9697
0.9791
0.9743
0.9695
0.9794
0.9813
0.9791
0.9695
0.9695
0.9723
0.9695
0.9683
0.9695
0.9799
0.9697
0.9765
0.9816
0.9791
0.9697
0.9813

0.9296
0.9242
0.9248
0.9330
0.9239
0.9330
0.9154
0.9135
0.9287
0.9217
0.9234
0.9316
0.9270
0.9301
0.9270
0.9234
0.9304
0.9214
0.9270
0.9208
0.9293
0.9290
0.9219
0.9208
0.9191
0.9231
0.9205
0.9157
0.9330
0.9248
