0.9664
0.9571
0.9791
0.9560
0.9695
1.0000
0.9673
0.9975
0.9717
0.9458
0.9750
0.9788
0.9849
0.9799
0.9827
0.9807
0.9714
0.9615
0.9626
0.9777
0.9838
0.9604
0.9477
0.9227
0.9439
0.9593
0.9686
0.9631
0.9772
0.9321

0.8806
0.8842
0.8732
0.8817
0.8804
0.8966
0.8721
0.8817
0.8798
0.8982
0.8842
0.8960
0.8784
0.8784
0.8760
0.8790
0.8762
0.8867
0.8820
0.8927
0.8762
0.8839
0.8762
0.8842
0.8762
0.8853
0.8831
0.8746
0.8795
0.8831

0.9293
0.9538
0.9230
0.9406
0.9365
0.9329
0.9290
0.9244
0.9315
0.9216
0.9439
0.9400
0.9167
0.9439
0.9131
0.9458
0.9164
0.9018
0.9158
0.9406
0.9444
0.9354
0.9200
0.9420
0.9442
0.9453
0.9145
0.9359
0.9180
0.9321

0.8919
0.8905
0.8911
0.8856
0.8949
0.8952
0.8812
0.8878
0.8933
0.8941
0.8889
0.8900
0.8889
0.8933
0.8949
0.8949
0.8930
0.8889
0.8812
0.8949
0.8848
0.8949
0.8933
0.8881
0.8941
0.8870
0.8870
0.8908
0.8919
0.8938
