0.9336
0.9336
0.9336
0.9336
0.9767
0.9767
0.9767
0.9767
0.9336
0.9336
0.9336
0.9336
0.9336
0.9336
0.9615
0.9615
0.9615
0.9615
0.9615
0.9615
0.9615
0.9615
0.9615
0.9615
0.9336
0.9336
0.9336
0.9336
0.9336
1.0000

0.9336
0.9336
0.9336
0.9336
0.9336
0.9336
0.9336
0.9336
0.9336
0.9336
0.9336
0.9336
0.9336
0.9336
0.9336
0.9336
0.9336
0.9336
0.9336
0.9336
0.9336
0.9336
0.9336
0.9336
0.9336
0.9336
0.9336
0.9336
0.9336
0.9336

0.9336
0.9336
0.9336
0.9336
0.9336
0.9336
0.9336
0.9336
0.9336
0.9336
0.9336
0.9336
0.9336
0.9336
0.9336
0.9336
0.9336
0.9336
0.9336
0.9336
0.9336
0.9336
0.9336
0.9336
0.9336
0.9336
0.9336
0.9336
0.9336
0.9336

0.9336
0.9336
0.9336
0.9336
0.9336
0.9336
0.9336
0.9336
0.9336
0.9336
0.9336
0.9336
0.9336
0.9336
0.9336
0.9336
0.9336
0.9336
0.9336
0.9336
0.9336
0.9336
0.9336
0.9336
0.9336
0.9336
0.9336
0.9336
0.9336
0.9336
