1.0000
1.0000
1.0000
1.0000
1.0000
1.0000
1.0000
1.0000
1.0000
1.0000
1.0000
1.0000
1.0000
1.0000
1.0000
1.0000
1.0000
1.0000
1.0000
1.0000
1.0000
1.0000
1.0000
1.0000
1.0000
1.0000
1.0000
1.0000
1.0000
1.0000

0.9061
0.9061
0.9061
0.9061
0.9061
0.9061
0.9061
0.9061
0.9061
0.9061
0.9061
0.9061
0.9061
0.9061
0.9061
0.9061
0.9061
0.9061
0.9061
0.9061
0.9061
0.9061
0.9061
0.9061
0.9061
0.9061
0.9061
0.9061
0.9061
0.9061

0.9055
0.9055
0.9055
0.9141
0.9141
0.9055
0.9055
0.9055
0.9055
0.9055
0.8824
0.9055
0.9055
0.9141
0.9141
0.9055
0.9055
0.9055
0.9055
0.9055
0.9055
0.8824
0.8824
0.9055
0.9141
0.9141
0.9055
0.9055
0.9055
0.9141

0.8622
0.8622
0.8622
0.8622
0.8622
0.8622
0.8622
0.8622
0.8622
0.8622
0.8622
0.8622
0.8622
0.8622
0.8622
0.8622
0.8622
0.8622
0.8622
0.8622
0.8622
0.8622
0.8622
0.8622
0.8622
0.8622
0.8622
0.8622
0.8622
0.8622
