0.9940
1.0000
0.9957
0.9949
0.9897
0.9940
0.9965
0.9939
0.9954
0.9936
0.9954
0.9965
0.9949
0.9936
0.9972
0.9936
0.9949
0.9940
0.9957
0.9939
0.9965
0.9936
0.9954
0.9940
0.9939
0.9949
0.9949
0.9939
0.9949
0.9936

0.9133
0.9133
0.9203
0.9203
0.9245
0.9245
0.9277
0.9259
0.9133
0.9133
0.9203
0.9259
0.9277
0.9245
0.9259
0.9290
0.9277
0.9133
0.9259
0.9290
0.9277
0.9264
0.9133
0.9259
0.9245
0.9203
0.9245
0.9133
0.9133
0.9290

0.9382
0.9450
0.9446
0.9610
0.9458
0.9503
0.9391
0.9529
0.9484
0.9421
0.9458
0.9293
0.9547
0.9496
0.9395
0.9382
0.9354
0.9512
0.9611
0.9354
0.9569
0.9354
0.9501
0.9326
0.9531
0.9494
0.9388
0.9569
0.9516
0.9450

0.8441
0.8510
0.8523
0.8324
0.8434
0.8487
0.8430
0.8569
0.8548
0.8573
0.8525
0.8548
0.8560
0.8655
0.8496
0.8481
0.8484
0.8432
0.8650
0.8575
0.8613
0.8622
0.8613
0.8526
0.8617
0.8637
0.8525
0.8516
0.8527
0.8308
