0.9588
0.9298
0.9839
0.9729
0.9682
0.9856
0.9632
0.9790
0.9645
0.9657
0.9597
0.9841
0.9610
0.9678
0.9598
0.9723
0.9648
1.0000
0.9850
0.9395
0.9869
0.9646
0.9819
0.9785
0.9653
0.9650
0.9721
0.9741
0.9557
0.9546

0.8513
0.8597
0.8683
0.8692
0.8584
0.8642
0.8624
0.8675
0.8549
0.8644
0.8455
0.8636
0.8681
0.8622
0.8630
0.8589
0.8558
0.8525
0.8612
0.8672
0.8525
0.8634
0.8652
0.8494
0.8626
0.8512
0.8562
0.8583
0.8613
0.8555

0.9371
0.9249
0.9011
0.9119
0.9353
0.9111
0.9166
0.9252
0.9129
0.9235
0.9343
0.9255
0.9224
0.9304
0.9215
0.9313
0.9073
0.9030
0.9066
0.9081
0.9094
0.9379
0.8928
0.9153
0.9483
0.9069
0.9233
0.9110
0.9353
0.9274

0.8331
0.8480
0.8463
0.8387
0.8399
0.8443
0.8450
0.8491
0.8413
0.8315
0.8396
0.8529
0.8349
0.8349
0.8426
0.8322
0.8287
0.8430
0.8345
0.8483
0.8461
0.8254
0.8378
0.8401
0.8319
0.8328
0.8423
0.8299
0.8447
0.8437
