0.9994
0.9994
0.9994
0.9994
0.9994
0.9994
0.9994
0.9999
0.9994
0.9994
0.9999
0.9994
0.9994
0.9994
1.0000
0.9994
1.0000
0.9994
0.9994
0.9994
0.9999
0.9994
0.9999
0.9994
0.9994
0.9999
0.9994
0.9994
0.9994
0.9994

0.9824
0.9704
0.9704
0.9853
0.9704
0.9704
0.9824
0.9704
0.9824
0.9704
0.9704
0.9704
0.9704
0.9704
0.9824
0.9704
0.9704
0.9704
0.9704
0.9704
0.9704
0.9704
0.9824
0.9704
0.9704
0.9824
0.9704
0.9824
0.9853
0.9853

0.9819
0.9929
0.9920
0.9843
0.9927
0.9795
0.9862
0.9896
0.9941
0.9915
0.9860
0.9771
0.9903
0.9784
0.9860
0.9753
0.9903
0.9818
0.9903
0.9922
0.9897
0.9795
0.9939
0.9886
0.9834
0.9931
0.9927
0.9795
0.9873
0.9793

0.9324
0.9351
0.9155
0.9362
0.9275
0.9214
0.9172
0.9172
0.9172
0.9101
0.9210
0.9288
0.9089
0.9172
0.9207
0.9172
0.9381
0.9158
0.9282
0.9231
0.9144
0.9252
0.9303
0.9252
0.9072
0.9240
0.9039
0.9351
0.9199
0.9266
