0.9487
0.9487
0.8858
0.8858
0.9176
0.9176
0.9249
0.9249
0.9206
0.9206
0.9206
0.9542
0.9542
0.9017
0.9017
1.0000
1.0000
0.9432
0.9432
0.9237
0.9237
0.9139
0.9139
0.9542
0.9542
0.9634
0.9634
0.9353
0.9353
0.9365

0.8657
0.8657
0.8578
0.8578
0.8413
0.8413
0.8462
0.8462
0.8413
0.8413
0.8364
0.8364
0.8462
0.8462
0.8413
0.8413
0.8584
0.8584
0.8474
0.8474
0.8413
0.8413
0.8516
0.8516
0.8413
0.8413
0.8584
0.8584
0.8413
0.8413

0.8584
0.8364
0.8364
0.8364
0.8364
0.8364
0.8364
0.8578
0.8413
0.8413
0.8364
0.8364
0.8364
0.8364
0.8413
0.8413
0.8413
0.8413
0.8413
0.8364
0.8364
0.8578
0.8578
0.8364
0.8364
0.8364
0.8364
0.8364
0.8364
0.8364

0.8364
0.8364
0.8364
0.8413
0.8413
0.8364
0.8364
0.8364
0.8364
0.8364
0.8413
0.8413
0.8413
0.8364
0.8364
0.8364
0.8413
0.8413
0.8364
0.8364
0.8364
0.8413
0.8413
0.8413
0.8413
0.8413
0.8413
0.8413
0.8364
0.8413
