duration(s);cost;bonus;route
36.45;13420;63496;[0, 163, 22, 29, 8, 160, 81, 120, 3, 108, 155, 189, 143, 51, 198, 192, 79, 38, 21, 113, 66, 104, 24, 141, 65, 194, 82, 90, 135, 158, 93, 49, 153, 91, 75, 80, 4, 36, 32, 193, 123, 9, 97, 133, 191, 58, 165, 28, 34, 17, 131, 124, 69, 57, 190, 128, 182, 84, 60, 16, 146, 130, 68, 168, 86, 103, 52, 92, 96, 73, 148, 54, 63, 27, 196, 48, 62, 106, 142, 162, 78, 31, 116, 95, 10, 47, 26, 119, 67, 41, 161, 157, 25, 37, 35]
35.93;13341;63437;[0, 138, 35, 176, 55, 160, 107, 141, 1, 77, 29, 128, 76, 132, 188, 123, 156, 32, 145, 95, 172, 139, 66, 104, 198, 46, 41, 57, 150, 119, 62, 47, 43, 162, 14, 15, 12, 52, 103, 153, 91, 177, 171, 129, 184, 100, 165, 38, 142, 126, 22, 136, 179, 73, 48, 185, 186, 54, 111, 197, 97, 122, 27, 21, 64, 124, 163, 84, 7, 170, 187, 10, 61, 190, 34, 3, 120, 105, 33, 79, 159, 13, 31, 116, 146, 88, 92, 99, 143, 5, 90, 28, 60, 16, 71]
35.85;13593;63566;[0, 24, 114, 142, 23, 156, 101, 170, 5, 154, 51, 117, 107, 141, 70, 64, 124, 179, 151, 88, 29, 40, 52, 103, 86, 168, 3, 8, 198, 173, 78, 97, 53, 75, 133, 39, 66, 199, 69, 147, 185, 16, 108, 136, 19, 45, 96, 157, 190, 128, 76, 195, 160, 137, 152, 166, 106, 43, 58, 7, 159, 2, 178, 111, 55, 62, 47, 10, 149, 171, 127, 77, 6, 18, 59, 73, 30, 20, 153, 91, 196, 126, 49, 130, 68, 41, 9, 134, 158, 122, 27, 100, 176, 84, 60, 85, 79, 50, 11, 82]
34.99;13591;63641;[0, 59, 73, 115, 80, 188, 53, 177, 133, 191, 21, 169, 123, 156, 32, 63, 129, 195, 141, 147, 127, 95, 135, 158, 103, 107, 128, 196, 48, 35, 101, 170, 64, 98, 19, 136, 118, 11, 155, 190, 151, 119, 162, 14, 139, 77, 22, 92, 68, 192, 7, 144, 174, 189, 137, 146, 79, 159, 94, 13, 20, 40, 8, 56, 182, 122, 55, 85, 71, 178, 76, 149, 10, 47, 150, 57, 86, 157, 99, 30, 148, 113, 124, 163, 105, 41, 12, 15, 28, 165, 131, 17, 83, 180, 74, 126, 49, 104]
34.30;13206;63301;[0, 35, 11, 24, 10, 110, 59, 73, 96, 119, 62, 106, 94, 41, 68, 168, 86, 157, 165, 28, 116, 95, 191, 133, 99, 176, 84, 60, 178, 161, 9, 171, 177, 128, 29, 150, 81, 88, 141, 49, 21, 158, 134, 196, 87, 152, 129, 63, 54, 52, 103, 2, 163, 124, 169, 47, 80, 155, 136, 22, 66, 82, 71, 172, 190, 78, 162, 43, 4, 92, 15, 174, 125, 108, 98, 64, 46, 90, 192, 13, 31, 197, 8, 160, 107, 117, 38, 180, 74, 37, 111, 154, 138]
36.09;13643;63327;[0, 82, 143, 151, 119, 84, 171, 40, 100, 184, 129, 92, 70, 170, 43, 58, 165, 97, 16, 71, 148, 140, 172, 156, 120, 87, 19, 154, 28, 15, 125, 194, 142, 33, 105, 163, 52, 174, 124, 193, 103, 79, 127, 147, 81, 88, 122, 65, 141, 107, 45, 3, 183, 132, 59, 110, 149, 90, 61, 190, 114, 98, 108, 195, 14, 24, 104, 93, 117, 115, 20, 130, 68, 168, 118, 11, 13, 152, 2, 95, 116, 146, 42, 135, 158, 175, 102, 145, 197, 8, 198, 46, 75, 133, 39, 77, 139, 35]
35.18;13546;63314;[0, 71, 155, 190, 151, 119, 62, 106, 51, 7, 181, 98, 64, 125, 116, 122, 150, 46, 198, 8, 160, 137, 184, 100, 54, 63, 50, 186, 185, 162, 172, 95, 191, 38, 79, 140, 4, 80, 75, 133, 39, 148, 15, 5, 147, 135, 171, 127, 6, 138, 17, 82, 11, 35, 149, 193, 32, 156, 123, 174, 18, 24, 9, 48, 99, 195, 19, 60, 111, 178, 161, 42, 90, 61, 101, 124, 163, 2, 103, 153, 91, 177, 197, 68, 168, 3, 56, 49, 89, 130, 165, 58, 94, 141, 107, 45, 152]
35.98;13728;63470;[0, 82, 194, 188, 80, 74, 180, 182, 70, 102, 113, 167, 55, 123, 169, 21, 191, 153, 91, 75, 162, 185, 115, 73, 59, 62, 56, 8, 29, 20, 130, 146, 116, 141, 107, 11, 61, 1, 94, 58, 43, 106, 152, 50, 90, 28, 45, 171, 127, 89, 32, 156, 120, 81, 88, 22, 16, 108, 125, 15, 5, 63, 54, 114, 142, 33, 79, 38, 165, 160, 110, 192, 198, 51, 131, 124, 150, 168, 87, 196, 126, 93, 104, 66, 139, 77, 6, 138, 44, 148, 60, 99, 36, 14, 95, 172, 9, 24]
34.66;13683;63261;[0, 71, 67, 83, 166, 114, 99, 133, 7, 69, 76, 64, 98, 108, 125, 194, 101, 80, 188, 43, 4, 155, 150, 174, 18, 6, 77, 22, 88, 56, 182, 122, 158, 127, 134, 82, 161, 157, 195, 141, 107, 32, 100, 40, 78, 49, 153, 112, 148, 48, 9, 123, 104, 23, 179, 31, 105, 106, 5, 63, 97, 189, 120, 87, 152, 2, 110, 36, 14, 139, 35, 74, 44, 186, 54, 111, 178, 60, 85, 79, 38, 42, 62, 47, 10, 46, 75, 109, 28, 45, 3, 168, 184, 21, 102, 175, 50, 138]
35.30;13159;63238;[0, 186, 54, 163, 2, 103, 153, 173, 146, 79, 159, 155, 190, 128, 29, 92, 191, 125, 174, 144, 7, 170, 30, 148, 59, 73, 42, 134, 9, 97, 122, 44, 160, 195, 87, 57, 149, 76, 21, 27, 185, 15, 55, 34, 93, 158, 3, 71, 85, 26, 119, 1, 77, 39, 177, 11, 35, 48, 51, 198, 33, 41, 56, 19, 180, 5, 169, 162, 14, 24, 114, 166, 4, 43, 188, 194, 25, 37, 74, 168, 192, 179, 175, 152, 13, 199, 69, 98, 89, 49, 164]
35.74;13500;63697;[0, 24, 189, 165, 100, 40, 29, 150, 58, 7, 133, 191, 21, 184, 137, 54, 193, 84, 171, 177, 4, 155, 71, 130, 179, 136, 81, 88, 146, 143, 156, 74, 18, 170, 142, 114, 147, 199, 80, 198, 118, 160, 107, 128, 76, 111, 44, 112, 57, 59, 62, 106, 185, 162, 117, 129, 157, 190, 34, 28, 72, 103, 180, 182, 12, 41, 105, 144, 174, 66, 49, 78, 31, 13, 159, 95, 10, 20, 30, 148, 15, 5, 154, 51, 68, 168, 98, 16, 197, 8, 3, 131, 124, 64, 46, 139, 35]
35.91;13586;63190;[0, 71, 41, 116, 28, 191, 113, 66, 139, 128, 67, 8, 197, 27, 159, 182, 70, 73, 48, 62, 119, 151, 190, 127, 79, 85, 88, 122, 97, 133, 140, 132, 102, 52, 92, 15, 12, 145, 80, 126, 49, 21, 38, 117, 129, 195, 100, 35, 101, 194, 65, 84, 10, 20, 13, 171, 177, 123, 156, 143, 96, 157, 3, 168, 118, 160, 44, 23, 179, 108, 125, 36, 110, 19, 154, 111, 54, 63, 181, 22, 29, 150, 46, 42, 183, 193, 30, 166, 114, 24, 61, 81, 120, 105, 69, 176, 17, 82]
36.63;13478;63226;[0, 35, 139, 64, 98, 16, 112, 80, 199, 187, 105, 38, 21, 76, 88, 81, 131, 3, 8, 67, 132, 102, 85, 79, 116, 125, 183, 94, 164, 49, 115, 117, 107, 32, 156, 74, 63, 44, 159, 39, 133, 191, 177, 197, 27, 122, 118, 168, 86, 62, 47, 150, 29, 92, 90, 82, 66, 113, 167, 154, 5, 180, 14, 68, 130, 146, 96, 73, 59, 166, 106, 109, 141, 195, 129, 152, 2, 178, 161, 9, 134, 26, 190, 155, 36, 170, 176, 84, 193, 103, 52, 54, 100, 165, 46]
35.93;13734;63366;[0, 46, 65, 106, 51, 7, 133, 167, 71, 123, 169, 47, 4, 43, 39, 18, 174, 189, 97, 91, 75, 120, 17, 191, 182, 183, 193, 149, 90, 61, 36, 192, 68, 130, 49, 21, 173, 86, 53, 166, 136, 118, 184, 187, 10, 84, 176, 99, 125, 64, 134, 139, 35, 101, 80, 188, 82, 34, 161, 178, 111, 76, 195, 141, 147, 48, 62, 128, 190, 151, 102, 113, 137, 152, 45, 8, 160, 9, 172, 112, 44, 20, 142, 114, 2, 103, 72, 57, 186, 54, 100, 27, 196, 181, 63, 117, 93, 104]
35.98;13483;63274;[0, 24, 18, 163, 165, 28, 72, 132, 5, 158, 3, 168, 192, 185, 115, 49, 164, 111, 178, 131, 81, 15, 92, 102, 21, 109, 100, 195, 87, 120, 105, 69, 95, 172, 33, 68, 140, 4, 47, 10, 98, 16, 146, 173, 188, 82, 90, 50, 53, 123, 42, 62, 56, 137, 54, 193, 32, 156, 65, 73, 60, 122, 97, 78, 190, 75, 133, 191, 182, 12, 41, 116, 125, 99, 130, 1, 141, 107, 171, 177, 67, 66, 139, 58, 83, 147, 48, 196, 126, 142, 114, 166, 152, 13, 46]
35.71;13611;63424;[0, 175, 125, 174, 183, 94, 51, 143, 5, 132, 102, 46, 149, 87, 1, 28, 191, 82, 25, 171, 177, 91, 75, 199, 187, 47, 26, 115, 117, 38, 79, 127, 33, 198, 88, 29, 139, 66, 104, 8, 160, 195, 100, 35, 48, 185, 15, 12, 172, 140, 148, 7, 144, 30, 62, 119, 151, 179, 108, 16, 71, 167, 11, 107, 103, 180, 188, 93, 83, 17, 97, 133, 39, 137, 184, 156, 32, 36, 14, 69, 124, 101, 194, 65, 73, 96, 114, 166, 136, 22, 163, 150, 116, 31, 89, 98, 138]
35.71;13422;63394;[0, 89, 184, 137, 152, 13, 68, 92, 4, 36, 76, 2, 163, 124, 174, 52, 102, 132, 183, 42, 90, 192, 79, 72, 57, 150, 47, 10, 20, 67, 34, 190, 151, 194, 101, 80, 180, 113, 134, 9, 171, 109, 75, 91, 196, 181, 166, 169, 123, 55, 85, 115, 185, 64, 98, 16, 49, 164, 94, 106, 65, 141, 24, 104, 147, 48, 35, 139, 87, 195, 157, 86, 125, 108, 84, 60, 133, 40, 29, 8, 198, 118, 168, 3, 158, 122, 44, 63, 27, 170, 142, 23, 131, 173, 146, 130]
35.13;13529;63447;[0, 138, 17, 15, 12, 40, 159, 7, 144, 43, 162, 78, 5, 63, 107, 45, 59, 185, 16, 49, 21, 38, 142, 6, 176, 135, 147, 83, 93, 158, 91, 177, 11, 167, 68, 192, 48, 196, 27, 111, 76, 195, 105, 31, 26, 52, 65, 122, 44, 149, 90, 82, 134, 114, 86, 103, 24, 61, 116, 146, 130, 179, 136, 22, 151, 119, 150, 155, 36, 106, 198, 33, 127, 95, 10, 187, 184, 129, 60, 85, 126, 80, 145, 9, 97, 53, 101, 62, 30, 148, 140, 161, 166, 128, 190, 75, 152]
34.67;13582;63268;[0, 138, 17, 176, 50, 18, 163, 22, 77, 81, 193, 169, 21, 184, 89, 31, 116, 159, 90, 135, 147, 69, 151, 119, 121, 2, 47, 43, 162, 14, 195, 108, 125, 64, 101, 194, 65, 73, 59, 62, 48, 185, 114, 96, 146, 130, 179, 115, 80, 70, 92, 172, 33, 127, 171, 177, 133, 75, 91, 110, 36, 155, 190, 126, 74, 94, 10, 35, 37, 111, 54, 186, 27, 197, 8, 40, 100, 152, 13, 20, 29, 154, 34, 55, 122, 97, 165, 1, 104, 66, 6, 7, 51, 68, 168, 161, 9, 24]
36.05;13423;63403;[0, 164, 8, 56, 182, 172, 95, 51, 106, 185, 162, 142, 114, 30, 20, 32, 156, 184, 89, 49, 21, 113, 19, 60, 178, 111, 37, 101, 58, 43, 57, 190, 151, 119, 1, 146, 25, 52, 54, 63, 44, 160, 42, 161, 140, 79, 127, 98, 64, 87, 120, 181, 7, 144, 104, 83, 74, 168, 68, 92, 139, 77, 39, 177, 155, 108, 84, 80, 188, 173, 78, 97, 122, 126, 22, 136, 198, 88, 59, 73, 65, 141, 109, 28, 34, 17, 131, 3, 135, 16, 71, 61, 11, 35, 149, 46]
35.87;13713;63307;[0, 153, 91, 196, 87, 152, 106, 166, 59, 121, 78, 12, 15, 99, 157, 51, 198, 118, 168, 68, 33, 172, 95, 10, 24, 189, 45, 23, 44, 148, 30, 62, 56, 17, 138, 165, 38, 42, 101, 170, 16, 108, 136, 83, 74, 94, 1, 39, 133, 7, 144, 105, 120, 81, 85, 177, 4, 167, 11, 35, 187, 158, 175, 147, 155, 36, 110, 19, 67, 66, 199, 13, 192, 90, 149, 76, 69, 124, 174, 52, 9, 145, 25, 37, 111, 154, 5, 180, 80, 115, 185, 162, 96, 114, 93, 169, 47, 150, 46]
35.71;13668;63664;[0, 35, 101, 50, 176, 175, 17, 83, 10, 57, 113, 124, 69, 95, 172, 140, 4, 155, 108, 3, 168, 86, 157, 99, 125, 116, 31, 89, 49, 21, 76, 195, 160, 118, 198, 191, 6, 66, 139, 153, 112, 44, 111, 178, 24, 18, 8, 40, 193, 144, 87, 152, 13, 1, 61, 170, 119, 26, 52, 9, 48, 151, 179, 163, 2, 110, 19, 98, 16, 146, 25, 82, 11, 107, 171, 84, 39, 148, 164, 94, 106, 43, 181, 166, 114, 96, 32, 51, 7, 132, 97, 78, 173, 131, 70, 182, 180, 38, 46]
34.55;13520;63482;[0, 164, 148, 15, 28, 72, 103, 29, 22, 76, 165, 6, 191, 13, 106, 142, 143, 146, 116, 197, 97, 78, 173, 66, 174, 144, 7, 181, 57, 112, 80, 126, 196, 2, 159, 90, 82, 17, 120, 81, 61, 1, 50, 101, 25, 64, 98, 168, 3, 8, 198, 46, 65, 141, 70, 182, 183, 193, 30, 99, 92, 68, 140, 4, 167, 49, 93, 83, 123, 177, 85, 71, 155, 136, 59, 73, 137, 74, 186, 35, 187, 158, 5, 154, 131, 184, 100, 119, 151, 190, 135, 47, 32, 96, 11, 24]
35.82;13653;63209;[0, 152, 2, 129, 184, 146, 130, 89, 32, 156, 74, 168, 144, 193, 124, 131, 154, 34, 190, 155, 108, 136, 19, 110, 36, 27, 159, 132, 51, 157, 99, 125, 96, 45, 23, 142, 20, 10, 57, 41, 46, 139, 29, 8, 186, 92, 88, 122, 158, 93, 126, 49, 164, 103, 72, 11, 61, 90, 135, 147, 188, 80, 199, 120, 87, 196, 181, 63, 54, 78, 151, 111, 76, 128, 166, 4, 167, 68, 192, 145, 180, 113, 134, 9, 97, 165, 6, 55, 123, 169, 70, 170, 176, 175, 37, 148, 71]
35.18;13512;63236;[0, 138, 84, 39, 133, 130, 26, 47, 62, 106, 185, 48, 73, 70, 182, 191, 125, 124, 131, 178, 60, 85, 71, 16, 146, 79, 192, 168, 150, 187, 41, 116, 141, 147, 83, 3, 158, 149, 8, 197, 12, 171, 129, 63, 32, 156, 120, 81, 77, 22, 114, 142, 170, 18, 24, 103, 2, 163, 67, 128, 166, 11, 155, 190, 151, 102, 46, 65, 132, 183, 139, 87, 64, 98, 19, 5, 52, 9, 97, 122, 66, 104, 112, 57, 113, 137, 148, 15, 88, 198, 51, 117, 14, 180, 145, 25, 82]
36.94;13472;63634;[0, 115, 26, 108, 179, 23, 168, 68, 41, 9, 48, 35, 149, 76, 111, 55, 123, 104, 66, 29, 8, 198, 106, 5, 19, 192, 90, 116, 146, 88, 22, 126, 158, 184, 137, 54, 193, 32, 156, 74, 83, 147, 69, 176, 170, 64, 113, 57, 86, 157, 190, 34, 67, 119, 150, 47, 2, 159, 182, 191, 95, 127, 171, 107, 63, 44, 199, 75, 91, 153, 173, 78, 97, 16, 60, 122, 65, 132, 140, 24, 189, 187, 58, 94, 10, 175, 82, 134, 114, 166, 30, 144, 87, 195, 160, 165, 38]
34.79;13606;63276;[0, 138, 10, 47, 69, 147, 141, 70, 92, 52, 103, 54, 78, 151, 24, 18, 74, 37, 111, 86, 53, 177, 85, 102, 21, 76, 30, 62, 106, 198, 46, 75, 180, 173, 153, 91, 183, 132, 5, 63, 144, 105, 13, 192, 90, 50, 101, 35, 139, 66, 104, 1, 191, 133, 130, 179, 107, 160, 195, 157, 161, 140, 4, 36, 61, 81, 150, 168, 68, 119, 121, 164, 94, 58, 45, 19, 158, 135, 95, 172, 33, 142, 38, 117, 14, 39, 73, 65, 84, 108, 16, 197, 27, 185, 128, 196, 134, 82]
35.15;13509;63410;[0, 71, 17, 15, 185, 162, 14, 36, 61, 170, 43, 58, 7, 133, 32, 156, 184, 187, 10, 113, 74, 63, 54, 193, 103, 52, 92, 4, 140, 119, 151, 179, 23, 168, 150, 155, 108, 12, 41, 5, 30, 20, 44, 122, 174, 125, 96, 157, 98, 64, 76, 21, 49, 126, 85, 79, 159, 95, 116, 197, 97, 9, 134, 128, 67, 8, 93, 158, 135, 42, 146, 154, 131, 165, 130, 105, 120, 87, 59, 73, 39, 40, 29, 88, 141, 31, 13, 152, 100, 37, 164, 91, 75, 46, 53, 50]
35.77;13551;63331;[0, 186, 77, 22, 28, 15, 5, 154, 131, 17, 138, 6, 43, 144, 7, 13, 152, 84, 171, 129, 2, 136, 179, 23, 141, 147, 185, 59, 62, 153, 168, 98, 64, 76, 21, 191, 133, 39, 40, 193, 149, 90, 159, 182, 70, 92, 4, 167, 45, 58, 187, 10, 95, 172, 117, 38, 16, 49, 190, 61, 36, 14, 180, 103, 72, 183, 125, 124, 169, 67, 66, 122, 55, 160, 110, 192, 145, 102, 52, 65, 132, 140, 161, 121, 137, 74, 176, 100, 165, 53, 123, 156, 101, 68, 41, 9, 24]
35.67;13720;63436;[0, 115, 185, 15, 5, 135, 3, 56, 19, 143, 156, 23, 179, 192, 68, 92, 70, 80, 188, 194, 125, 116, 33, 127, 79, 140, 172, 182, 166, 128, 153, 103, 86, 163, 124, 150, 144, 43, 177, 4, 47, 10, 187, 29, 40, 193, 32, 36, 14, 117, 51, 7, 84, 176, 77, 165, 130, 89, 12, 134, 9, 30, 62, 106, 142, 181, 98, 138, 35, 126, 122, 97, 132, 101, 25, 145, 167, 133, 118, 63, 54, 111, 94, 74, 83, 104, 24, 72, 76, 21, 49, 164, 148, 73, 102, 113, 199, 61, 71]
