0.9995
0.9984
0.9972
0.9954
0.9954
0.9985
0.9981
1.0000
0.9972
0.9956
0.9981
0.9956
0.9936
0.9976
0.9936
0.9954
0.9989
0.9966
0.9956
0.9954
0.9991
0.9974
0.9972
0.9998
0.9936
0.9987
0.9956
0.9987
0.9956
0.9936

0.9671
0.9664
0.9664
0.9717
0.9614
0.9664
0.9666
0.9676
0.9674
0.9664
0.9614
0.9664
0.9664
0.9614
0.9671
0.9714
0.9664
0.9614
0.9664
0.9614
0.9664
0.9614
0.9694
0.9666
0.9664
0.9666
0.9671
0.9705
0.9674
0.9664

0.9902
0.9910
0.9860
0.9836
0.9919
0.9901
0.9880
0.9903
0.9849
0.9876
0.9926
0.9910
0.9846
0.9861
0.9859
0.9890
0.9838
0.9913
0.9822
0.9890
0.9906
0.9844
0.9850
0.9929
0.9886
0.9868
0.9931
0.9879
0.9845
0.9874

0.9264
0.9326
0.9410
0.9442
0.9564
0.9249
0.9484
0.9500
0.9389
0.9503
0.9294
0.9531
0.9484
0.9392
0.9341
0.9406
0.9424
0.9411
0.9455
0.9549
0.9453
0.9425
0.9466
0.9397
0.9504
0.9221
0.9554
0.9576
0.9391
0.9419
