0.9850
0.9861
0.9860
0.9986
0.9839
0.9823
0.9839
0.9850
0.9850
0.9823
0.9838
0.9932
0.9838
1.0000
0.9838
0.9955
0.9838
0.9838
0.9838
0.9823
0.9958
0.9839
0.9861
0.9823
0.9986
0.9823
0.9839
0.9861
0.9850
0.9933

0.8613
0.8570
0.8613
0.8570
0.8570
0.8589
0.8589
0.8570
0.8589
0.8570
0.8570
0.8570
0.8589
0.8570
0.8570
0.8613
0.8613
0.8589
0.8613
0.8570
0.8589
0.8570
0.8589
0.8570
0.8570
0.8570
0.8589
0.8570
0.8570
0.8570

0.9425
0.9249
0.9121
0.9295
0.9307
0.9285
0.9244
0.9178
0.9382
0.9383
0.9314
0.9330
0.9358
0.9295
0.9433
0.9106
0.9446
0.9408
0.9384
0.9341
0.9368
0.9286
0.9401
0.9252
0.9333
0.9368
0.9342
0.9176
0.9220
0.9310

0.8317
0.8293
0.8218
0.8226
0.8291
0.8298
0.8305
0.8300
0.8282
0.8324
0.8242
0.8338
0.8224
0.8324
0.8321
0.8227
0.8329
0.8307
0.8309
0.8333
0.8329
0.8307
0.8290
0.8363
0.8309
0.8260
0.8333
0.8301
0.8318
0.8265
