0.9886
0.9652
0.9751
0.9884
0.9636
0.9610
0.9864
0.9763
0.9874
0.9711
0.9731
0.9675
1.0000
0.9787
0.9825
0.9884
0.9792
0.9952
0.9531
0.9960
0.9783
0.9681
0.9635
0.9899
0.9552
0.9613
0.9671
0.9825
0.9722
0.9489

0.8582
0.8668
0.8659
0.8549
0.8712
0.8640
0.8678
0.8630
0.8581
0.8736
0.8702
0.8772
0.8548
0.8683
0.8613
0.8737
0.8734
0.8729
0.8609
0.8651
0.8702
0.8730
0.8692
0.8651
0.8779
0.8657
0.8643
0.8616
0.8636
0.8650

0.9223
0.9288
0.9322
0.9368
0.9249
0.9421
0.9247
0.9212
0.9162
0.9404
0.9368
0.9455
0.9391
0.9386
0.9245
0.9411
0.9085
0.9337
0.9330
0.9359
0.9373
0.9190
0.9326
0.9462
0.9151
0.9322
0.9388
0.9139
0.9195
0.9018

0.8352
0.8510
0.8524
0.8521
0.8364
0.8459
0.8559
0.8476
0.8366
0.8462
0.8455
0.8548
0.8453
0.8435
0.8341
0.8496
0.8450
0.8473
0.8551
0.8482
0.8530
0.8584
0.8419
0.8598
0.8449
0.8533
0.8370
0.8376
0.8466
0.8256
