duration(s);cost;bonus;route
35.14;15271;63988;[0, 42, 63, 18, 161, 186, 21, 51, 135, 49, 41, 121, 56, 79, 181, 87, 100, 22, 4, 112, 123, 64, 50, 93, 85, 175, 72, 83, 12, 119, 52, 124, 6, 17, 31, 98, 113, 136, 118, 2, 25, 125, 126, 128, 34, 33, 134, 111, 173, 37, 70, 54, 3, 5, 55, 27, 193, 24, 105, 151, 171, 38, 69, 162, 147, 178, 154, 15, 156, 39, 67, 35, 36, 132, 137, 138, 32, 40, 1, 46, 170, 71, 48, 81, 115, 108, 179, 99, 58, 62, 158, 90, 61, 9, 103, 65, 140, 57, 185]
34.99;15379;63821;[0, 87, 118, 107, 78, 132, 8, 149, 172, 197, 10, 182, 168, 166, 152, 1, 34, 94, 190, 89, 5, 77, 28, 112, 74, 50, 186, 129, 163, 37, 183, 47, 32, 17, 14, 67, 157, 54, 178, 154, 181, 150, 160, 52, 191, 20, 95, 120, 101, 185, 158, 27, 63, 97, 171, 109, 31, 92, 72, 99, 49, 121, 64, 22, 180, 88, 33, 9, 114, 187, 143, 6, 71, 103, 21, 155, 104, 138, 70, 90, 23, 195, 165, 61, 137, 127, 12, 119, 91, 142, 58, 111, 41, 170, 198, 194, 86, 62]
34.15;15436;64067;[0, 25, 120, 21, 144, 1, 173, 59, 2, 122, 134, 126, 136, 13, 76, 32, 96, 131, 181, 74, 184, 84, 23, 192, 52, 100, 119, 162, 142, 143, 195, 108, 117, 112, 125, 109, 139, 5, 77, 132, 137, 89, 152, 22, 85, 145, 60, 80, 156, 93, 63, 18, 4, 172, 140, 185, 97, 35, 72, 9, 188, 67, 127, 50, 37, 183, 149, 157, 180, 118, 68, 160, 79, 91, 53, 64, 116, 114, 123, 66, 30, 83, 168, 3, 94, 147, 8, 104, 177, 115, 75, 90, 42, 153, 14, 199, 81, 101, 61, 36, 56]
36.53;15511;64340;[0, 57, 33, 112, 83, 185, 133, 150, 10, 114, 46, 126, 163, 34, 181, 63, 28, 14, 173, 178, 78, 1, 121, 17, 3, 24, 81, 71, 21, 104, 156, 91, 157, 30, 192, 5, 29, 69, 88, 172, 16, 85, 194, 179, 155, 109, 119, 162, 196, 129, 117, 7, 132, 148, 75, 142, 4, 44, 2, 92, 72, 12, 13, 168, 158, 116, 176, 54, 47, 25, 139, 131, 199, 195, 151, 140, 49, 107, 80, 159, 56, 67, 149, 11, 84, 189, 99, 22, 124, 35, 98, 105, 20, 111, 82, 182, 36, 15, 86, 183, 90, 94, 160]
34.85;15315;64041;[0, 1, 34, 38, 56, 191, 107, 166, 199, 83, 9, 114, 87, 68, 69, 150, 103, 175, 47, 49, 195, 98, 28, 46, 99, 178, 64, 119, 52, 171, 160, 60, 17, 184, 136, 10, 65, 50, 162, 147, 159, 148, 135, 93, 163, 40, 61, 197, 143, 168, 11, 106, 152, 58, 84, 77, 177, 161, 13, 54, 42, 101, 36, 81, 121, 137, 100, 18, 151, 95, 80, 41, 104, 127, 25, 156, 39, 24, 4, 16, 149, 180, 185, 67, 120, 123, 78, 55, 115, 139, 76, 92, 82, 8, 21, 179, 29, 53, 108, 113]
34.41;15600;63922;[0, 57, 110, 37, 16, 117, 155, 183, 88, 188, 171, 109, 128, 11, 135, 79, 50, 195, 179, 72, 42, 49, 192, 55, 162, 7, 9, 30, 136, 15, 25, 41, 66, 85, 180, 99, 146, 196, 134, 38, 121, 58, 169, 173, 137, 44, 32, 176, 94, 141, 65, 91, 193, 31, 12, 152, 48, 147, 43, 89, 184, 73, 2, 138, 64, 23, 123, 144, 112, 198, 120, 67, 177, 178, 151, 108, 46, 28, 197, 111, 60, 181, 76, 142, 24, 126, 19, 164, 1, 45, 63, 69, 101, 13, 14, 148, 75, 68, 118, 21, 90]
36.75;15311;63600;[0, 151, 121, 7, 122, 162, 89, 184, 108, 20, 155, 103, 70, 177, 183, 146, 133, 55, 88, 91, 129, 106, 95, 52, 48, 185, 97, 176, 132, 27, 80, 41, 8, 19, 116, 61, 154, 32, 42, 9, 114, 62, 29, 47, 5, 156, 58, 126, 193, 6, 66, 150, 144, 180, 45, 72, 142, 4, 172, 159, 170, 79, 26, 54, 67, 46, 44, 192, 31, 187, 18, 81, 63, 163, 149, 109, 75, 77, 84, 110, 15, 33, 64, 100, 37, 2, 127, 171, 145, 35, 56, 104, 196, 38, 99, 14, 24, 117, 152, 134, 131]
34.62;15253;63859;[0, 152, 154, 87, 38, 67, 75, 109, 196, 193, 169, 185, 55, 166, 122, 80, 104, 61, 34, 191, 37, 126, 115, 118, 2, 143, 96, 90, 64, 105, 178, 132, 69, 186, 164, 78, 176, 54, 97, 163, 59, 129, 60, 31, 181, 44, 174, 183, 36, 68, 41, 33, 23, 170, 117, 65, 159, 138, 14, 184, 133, 145, 161, 156, 102, 146, 81, 28, 49, 88, 93, 71, 72, 113, 149, 136, 29, 128, 32, 173, 121, 94, 119, 92, 74, 17, 100, 40, 86, 130, 110, 10, 180, 15, 195, 98, 11, 84, 192]
37.43;15170;63720;[0, 174, 183, 125, 19, 116, 103, 199, 58, 29, 133, 52, 10, 41, 145, 51, 12, 173, 59, 198, 134, 131, 81, 140, 60, 193, 8, 127, 7, 92, 72, 45, 165, 61, 39, 130, 63, 32, 179, 164, 99, 47, 167, 77, 177, 126, 65, 28, 97, 54, 70, 74, 9, 114, 108, 151, 135, 6, 120, 23, 16, 117, 50, 40, 192, 152, 48, 95, 142, 88, 129, 43, 76, 171, 139, 161, 30, 14, 82, 182, 73, 187, 37, 191, 121, 175, 197, 143, 124, 156, 180, 66, 35, 158, 163, 105, 93, 25, 194, 169, 15]
35.34;15571;63604;[0, 45, 3, 98, 62, 14, 20, 93, 149, 133, 55, 179, 97, 152, 115, 118, 163, 195, 81, 22, 165, 74, 143, 6, 131, 89, 79, 182, 144, 1, 46, 140, 49, 170, 120, 106, 184, 12, 90, 169, 61, 172, 123, 11, 113, 16, 41, 50, 132, 183, 75, 19, 83, 86, 32, 190, 72, 15, 87, 92, 134, 136, 128, 76, 70, 65, 47, 156, 91, 110, 107, 64, 31, 13, 174, 188, 80, 43, 40, 192, 142, 108, 119, 146, 35, 158, 100, 168, 177, 18, 99, 180, 7, 103, 175, 197, 111, 60, 52, 26, 30]
34.73;15512;63860;[0, 174, 13, 136, 143, 9, 34, 64, 165, 63, 187, 50, 146, 60, 8, 89, 181, 144, 197, 154, 134, 27, 198, 51, 141, 184, 70, 16, 116, 83, 86, 57, 110, 126, 41, 30, 19, 120, 101, 180, 175, 21, 186, 193, 195, 67, 88, 183, 189, 80, 194, 31, 14, 153, 191, 140, 93, 77, 157, 100, 162, 11, 69, 46, 99, 135, 150, 15, 131, 84, 132, 128, 155, 172, 61, 3, 12, 121, 94, 98, 160, 26, 62, 73, 176, 199, 25, 17, 45, 129, 106, 137, 75, 68, 82, 43, 182, 90, 42, 125, 47]
35.11;15656;63991;[0, 20, 3, 144, 197, 143, 42, 30, 85, 73, 184, 49, 52, 84, 71, 64, 138, 80, 107, 183, 173, 125, 41, 104, 15, 101, 123, 81, 82, 127, 7, 163, 72, 10, 166, 75, 150, 92, 66, 172, 199, 22, 192, 5, 35, 136, 38, 26, 148, 157, 112, 160, 69, 79, 170, 90, 154, 156, 186, 6, 105, 121, 53, 89, 24, 161, 74, 195, 137, 109, 132, 103, 51, 36, 140, 133, 115, 118, 177, 178, 113, 1, 110, 37, 16, 168, 57, 98, 162, 91, 134, 106, 164, 129, 19, 194, 86, 67, 179, 93, 23]
34.40;15550;64329;[0, 127, 69, 6, 94, 17, 179, 29, 133, 145, 26, 99, 186, 49, 110, 67, 76, 161, 87, 40, 129, 103, 189, 193, 146, 183, 138, 143, 164, 132, 125, 170, 130, 83, 81, 101, 156, 165, 48, 95, 155, 109, 105, 178, 75, 167, 159, 126, 160, 14, 70, 16, 72, 96, 74, 197, 34, 141, 162, 158, 114, 55, 88, 194, 5, 166, 199, 128, 15, 122, 181, 169, 152, 154, 140, 185, 86, 45, 91, 115, 134, 111, 38, 196, 123, 47, 112, 9, 149, 98, 52, 10, 195, 192, 61, 64, 151, 187, 42]
35.07;15541;63851;[0, 170, 168, 182, 66, 85, 175, 199, 190, 57, 108, 32, 107, 37, 83, 63, 62, 142, 33, 67, 119, 100, 8, 185, 48, 49, 75, 112, 157, 183, 184, 179, 7, 141, 15, 70, 166, 84, 39, 138, 154, 59, 148, 110, 131, 123, 139, 19, 26, 115, 102, 118, 169, 40, 77, 89, 172, 136, 81, 14, 106, 152, 78, 12, 113, 64, 130, 164, 159, 69, 68, 109, 98, 28, 137, 177, 61, 20, 140, 104, 1, 41, 103, 56, 120, 13, 58, 188, 134, 38, 156, 44, 43, 76, 128, 101, 88, 178, 51, 198]
34.62;15308;63622;[0, 31, 183, 18, 117, 139, 194, 80, 43, 149, 49, 11, 132, 34, 100, 185, 92, 190, 113, 119, 172, 12, 187, 103, 89, 84, 197, 175, 51, 25, 17, 173, 35, 198, 59, 13, 181, 150, 32, 78, 192, 26, 30, 53, 157, 153, 136, 152, 111, 114, 97, 46, 101, 4, 161, 55, 24, 75, 158, 52, 73, 189, 128, 155, 180, 169, 21, 179, 116, 58, 45, 37, 102, 124, 134, 76, 87, 5, 36, 61, 129, 171, 106, 9, 160, 156, 2, 29, 28, 7, 159, 162, 91, 110, 64, 95, 88, 22]
35.77;15582;64377;[0, 162, 54, 85, 172, 59, 170, 27, 89, 8, 29, 189, 98, 48, 93, 182, 40, 121, 175, 69, 101, 156, 132, 197, 140, 70, 117, 150, 130, 83, 81, 145, 46, 120, 173, 154, 96, 66, 161, 181, 109, 63, 105, 91, 45, 37, 44, 185, 193, 152, 184, 95, 43, 76, 196, 164, 195, 16, 133, 128, 147, 138, 78, 80, 129, 123, 186, 21, 144, 166, 60, 168, 22, 17, 3, 174, 169, 114, 187, 99, 67, 122, 52, 171, 131, 167, 88, 107, 183, 176, 108, 149, 119, 39, 100, 5, 58, 163, 1, 61, 36]
34.41;15043;63599;[0, 24, 15, 70, 40, 17, 94, 109, 26, 92, 55, 134, 1, 188, 137, 179, 29, 139, 11, 158, 68, 170, 36, 91, 164, 80, 110, 37, 48, 95, 166, 174, 183, 192, 114, 108, 97, 103, 43, 163, 72, 53, 4, 112, 129, 98, 197, 61, 77, 147, 187, 196, 35, 75, 3, 38, 13, 177, 59, 100, 56, 79, 88, 162, 2, 161, 131, 76, 51, 64, 195, 126, 160, 63, 130, 156, 120, 67, 149, 122, 132, 148, 25, 41, 159, 84, 128, 191, 140, 123, 172, 107, 138, 102, 57, 54, 135]
34.20;15461;64092;[0, 62, 92, 20, 58, 194, 161, 128, 38, 110, 198, 25, 167, 39, 8, 123, 77, 163, 21, 2, 125, 172, 197, 80, 103, 37, 107, 78, 132, 48, 122, 165, 74, 44, 10, 187, 120, 64, 67, 157, 178, 45, 72, 158, 65, 42, 98, 124, 117, 79, 83, 199, 87, 153, 46, 129, 150, 34, 119, 154, 68, 101, 192, 59, 135, 73, 51, 152, 86, 35, 133, 104, 121, 47, 112, 134, 126, 100, 53, 166, 130, 139, 147, 184, 193, 40, 173, 108, 29, 183, 118, 9, 33, 140, 188, 171, 14, 97]
34.66;15448;63678;[0, 27, 100, 130, 156, 58, 199, 163, 103, 77, 73, 112, 69, 129, 166, 131, 42, 44, 152, 115, 83, 190, 124, 3, 16, 111, 119, 64, 110, 55, 22, 87, 54, 170, 101, 134, 32, 174, 145, 161, 6, 105, 148, 118, 123, 11, 96, 9, 70, 90, 97, 143, 192, 162, 196, 126, 76, 92, 85, 67, 125, 117, 185, 104, 136, 171, 132, 5, 181, 31, 23, 39, 29, 15, 33, 62, 19, 26, 59, 43, 177, 106, 24, 7, 179, 169, 173, 35, 8, 107, 99, 108, 61, 165, 153, 81, 180, 37]
35.34;15496;64247;[0, 79, 110, 147, 171, 41, 66, 101, 131, 180, 42, 128, 84, 126, 133, 62, 122, 162, 7, 31, 134, 186, 49, 8, 5, 15, 87, 168, 63, 13, 72, 94, 152, 52, 172, 75, 129, 111, 36, 98, 65, 99, 151, 108, 1, 53, 193, 156, 145, 46, 112, 6, 29, 47, 43, 158, 32, 73, 125, 194, 136, 40, 192, 64, 81, 3, 117, 23, 120, 67, 106, 24, 10, 155, 116, 89, 123, 150, 109, 93, 130, 14, 70, 159, 181, 169, 174, 107, 39, 124, 189, 56, 178, 61, 91, 2, 25, 170, 198]
35.37;15519;63613;[0, 159, 94, 160, 156, 107, 138, 53, 36, 126, 68, 76, 142, 154, 46, 66, 82, 112, 83, 184, 197, 167, 48, 5, 70, 16, 98, 181, 106, 164, 102, 67, 133, 3, 71, 40, 198, 91, 69, 6, 130, 23, 103, 2, 153, 115, 161, 192, 191, 87, 10, 166, 136, 38, 56, 118, 24, 116, 54, 21, 144, 175, 59, 176, 140, 43, 9, 149, 49, 170, 146, 81, 47, 30, 25, 8, 4, 172, 180, 134, 152, 119, 174, 121, 137, 128, 93, 77, 177, 26, 168, 120, 85, 122, 50, 45, 29, 158, 190, 52, 7, 92]
35.59;15216;63765;[0, 76, 133, 172, 29, 160, 3, 86, 163, 181, 63, 46, 82, 21, 15, 187, 74, 6, 33, 12, 90, 154, 48, 190, 117, 139, 191, 11, 53, 124, 128, 20, 98, 162, 152, 14, 84, 71, 111, 151, 41, 104, 26, 30, 69, 38, 199, 147, 18, 77, 64, 95, 185, 92, 80, 66, 2, 24, 36, 189, 156, 58, 169, 114, 22, 165, 99, 175, 140, 5, 32, 194, 39, 108, 177, 178, 188, 72, 88, 123, 78, 157, 13, 89, 184, 168, 106, 119, 100, 94, 42, 180, 34, 50, 143, 192, 31, 173, 35]
36.68;15442;64492;[0, 155, 26, 198, 126, 194, 9, 83, 67, 111, 31, 98, 171, 87, 73, 32, 154, 109, 53, 45, 140, 147, 70, 89, 104, 185, 144, 79, 124, 14, 188, 90, 78, 12, 76, 29, 22, 88, 62, 58, 8, 134, 150, 60, 187, 143, 132, 139, 82, 24, 176, 108, 112, 1, 49, 75, 123, 17, 193, 43, 86, 163, 72, 55, 54, 56, 19, 168, 190, 15, 167, 142, 94, 66, 129, 30, 125, 57, 199, 35, 97, 152, 127, 179, 116, 21, 28, 137, 196, 44, 122, 186, 175, 166, 114, 81, 121, 23, 65, 69]
35.12;15668;63650;[0, 160, 33, 140, 74, 124, 134, 43, 92, 7, 167, 126, 163, 181, 55, 164, 186, 127, 154, 184, 73, 123, 6, 75, 152, 78, 162, 98, 9, 161, 47, 13, 31, 51, 1, 120, 63, 32, 194, 35, 2, 94, 128, 139, 93, 15, 141, 132, 197, 44, 182, 82, 104, 61, 48, 81, 41, 165, 99, 59, 91, 101, 169, 146, 79, 3, 54, 192, 64, 157, 178, 190, 151, 29, 121, 137, 105, 69, 113, 16, 56, 118, 26, 153, 147, 45, 67, 46, 42, 52, 10, 176, 40, 27, 57, 38, 142, 108, 100, 196, 136, 199, 11]
34.41;15153;64107;[0, 108, 113, 143, 9, 123, 45, 118, 72, 85, 112, 73, 29, 24, 81, 63, 32, 171, 90, 126, 68, 180, 2, 82, 140, 60, 160, 30, 144, 109, 15, 70, 27, 181, 41, 11, 53, 198, 18, 67, 187, 61, 102, 199, 119, 129, 65, 172, 189, 58, 54, 192, 1, 34, 4, 161, 47, 25, 64, 75, 194, 106, 149, 74, 162, 177, 83, 111, 79, 154, 196, 50, 115, 186, 44, 166, 155, 178, 151, 10, 176, 94, 117, 31, 12, 184, 17, 96, 55, 46, 183, 138, 21, 132, 167, 116, 103, 86]
34.84;15436;63886;[0, 20, 7, 156, 107, 37, 16, 82, 43, 103, 70, 136, 100, 67, 120, 77, 168, 139, 55, 162, 133, 52, 106, 35, 40, 121, 64, 39, 89, 104, 83, 9, 61, 134, 169, 174, 73, 57, 47, 167, 63, 62, 128, 166, 185, 56, 11, 18, 152, 58, 2, 25, 96, 42, 153, 144, 182, 23, 29, 13, 186, 159, 138, 187, 164, 148, 93, 190, 4, 123, 26, 32, 54, 124, 194, 102, 117, 178, 197, 80, 86, 125, 170, 72, 151, 59, 193, 1, 34, 183, 165, 50, 75, 66, 172, 145, 118, 101, 137, 196, 19, 143, 184, 122]
34.42;15544;64271;[0, 195, 163, 171, 109, 155, 136, 196, 30, 22, 46, 186, 56, 60, 148, 143, 1, 35, 98, 114, 125, 142, 4, 80, 52, 103, 36, 17, 91, 53, 152, 74, 165, 76, 106, 32, 115, 8, 129, 90, 121, 102, 93, 23, 159, 197, 57, 19, 104, 54, 184, 84, 101, 131, 89, 95, 133, 161, 6, 191, 140, 147, 81, 43, 105, 175, 110, 182, 160, 111, 183, 192, 134, 16, 199, 158, 193, 68, 28, 45, 124, 189, 47, 25, 99, 151, 12, 50, 24, 10, 122, 38, 145, 41, 61, 69, 112, 117, 141, 173, 146, 169, 86]
35.28;15133;63730;[0, 31, 165, 61, 170, 190, 172, 26, 71, 28, 57, 76, 68, 39, 97, 111, 24, 134, 117, 109, 169, 1, 83, 12, 50, 48, 32, 51, 108, 8, 161, 47, 90, 44, 89, 171, 139, 16, 151, 187, 123, 53, 196, 120, 106, 119, 92, 174, 56, 98, 38, 45, 9, 188, 168, 182, 147, 124, 186, 64, 72, 87, 100, 67, 95, 88, 79, 126, 30, 164, 173, 75, 128, 180, 15, 145, 34, 86, 183, 52, 29, 2, 197, 159, 129, 43, 70, 122, 132, 137, 152, 133, 101, 175, 35, 112, 14, 20, 198]
35.21;15225;63707;[0, 160, 77, 29, 89, 92, 53, 193, 162, 54, 55, 61, 80, 101, 26, 30, 144, 123, 83, 184, 62, 196, 186, 132, 88, 194, 168, 11, 71, 34, 136, 38, 78, 45, 148, 173, 21, 33, 23, 107, 172, 6, 97, 70, 27, 35, 114, 152, 113, 143, 99, 22, 17, 96, 150, 2, 161, 118, 16, 100, 180, 15, 141, 195, 121, 7, 73, 109, 102, 36, 9, 138, 28, 63, 46, 170, 122, 151, 81, 178, 188, 20, 14, 57, 126, 19, 154, 140, 76, 72, 64, 105, 191, 183, 157, 137, 48, 79, 85]
36.14;14932;63896;[0, 197, 110, 164, 123, 169, 185, 124, 44, 103, 80, 140, 188, 94, 9, 39, 48, 128, 79, 28, 57, 73, 101, 113, 152, 97, 22, 4, 172, 29, 121, 142, 125, 126, 40, 143, 20, 14, 84, 184, 154, 26, 62, 145, 118, 174, 130, 77, 157, 178, 51, 108, 136, 138, 181, 109, 33, 31, 46, 117, 155, 159, 45, 165, 137, 89, 168, 68, 170, 158, 2, 189, 37, 191, 78, 34, 186, 86, 133, 98, 114, 92, 18, 19, 85, 134, 38, 67, 163, 72, 107, 16, 56, 74, 50, 75, 63, 32, 54]
