duration(s);cost;bonus;route
0.24;793;2981;[0, 4, 9, 8, 7]
0.23;793;2981;[0, 4, 9, 8, 7]
0.23;793;2981;[0, 4, 9, 8, 7]
0.23;793;2981;[0, 4, 9, 8, 7]
0.23;793;2981;[0, 4, 9, 8, 7]
0.23;793;2981;[0, 4, 9, 8, 7]
0.23;793;2848;[0, 4, 9, 1, 7]
0.23;793;2848;[0, 4, 9, 1, 7]
0.23;793;2848;[0, 4, 9, 1, 7]
0.23;793;2848;[0, 4, 9, 1, 7]
0.24;793;2981;[0, 4, 9, 8, 7]
0.24;793;2981;[0, 4, 9, 8, 7]
0.25;793;2981;[0, 4, 9, 8, 7]
0.24;793;2981;[0, 4, 9, 8, 7]
0.23;793;2848;[0, 4, 9, 1, 7]
0.23;793;2848;[0, 4, 9, 1, 7]
0.23;793;2848;[0, 4, 9, 1, 7]
0.23;793;2848;[0, 4, 9, 1, 7]
0.23;793;2981;[0, 4, 9, 8, 7]
0.23;793;2981;[0, 4, 9, 8, 7]
0.23;793;2981;[0, 4, 9, 8, 7]
0.23;793;2981;[0, 4, 9, 8, 7]
0.24;793;2848;[0, 4, 9, 1, 7]
0.24;793;2848;[0, 4, 9, 1, 7]
0.25;793;2848;[0, 4, 9, 1, 7]
0.24;793;2848;[0, 4, 9, 1, 7]
0.24;793;2981;[0, 4, 9, 8, 7]
0.24;793;2981;[0, 4, 9, 8, 7]
0.24;793;2981;[0, 4, 9, 8, 7]
0.23;793;2981;[0, 4, 9, 8, 7]
