duration(s);cost;bonus;route
0.27;793;2981;[0, 4, 9, 8, 7]
0.27;793;2981;[0, 4, 9, 8, 7]
0.27;793;2981;[0, 4, 9, 8, 7]
0.27;793;2981;[0, 4, 9, 8, 7]
0.28;793;2981;[0, 4, 9, 8, 7]
0.27;793;2981;[0, 4, 9, 8, 7]
0.26;793;2981;[0, 4, 9, 8, 7]
0.26;793;2981;[0, 4, 9, 8, 7]
0.26;793;2981;[0, 4, 9, 8, 7]
0.26;793;2981;[0, 4, 9, 8, 7]
0.26;793;2848;[0, 4, 9, 1, 7]
0.26;793;2848;[0, 4, 9, 1, 7]
0.26;793;2848;[0, 4, 9, 1, 7]
0.26;793;2848;[0, 4, 9, 1, 7]
0.26;793;2848;[0, 4, 9, 1, 7]
0.26;793;2848;[0, 4, 9, 1, 7]
0.26;793;2848;[0, 4, 9, 1, 7]
0.27;793;2848;[0, 4, 9, 1, 7]
0.26;793;2848;[0, 4, 9, 1, 7]
0.28;793;2848;[0, 4, 9, 1, 7]
0.26;793;2848;[0, 4, 9, 1, 7]
0.25;793;2848;[0, 4, 9, 1, 7]
0.26;793;2848;[0, 4, 9, 1, 7]
0.28;793;2848;[0, 4, 9, 1, 7]
0.26;793;2981;[0, 4, 9, 8, 7]
0.25;793;2981;[0, 4, 9, 8, 7]
0.25;793;2981;[0, 4, 9, 8, 7]
0.25;793;2981;[0, 4, 9, 8, 7]
0.26;793;2848;[0, 4, 9, 1, 7]
0.27;793;2848;[0, 4, 9, 1, 7]
