0.9963
0.9963
0.9957
0.9974
0.9956
0.9956
0.9957
0.9959
0.9956
0.9984
0.9977
0.9957
0.9959
0.9974
0.9956
0.9952
0.9963
0.9963
0.9980
0.9952
1.0000
0.9966
0.9966
0.9986
0.9971
0.9963
0.9963
0.9963
0.9963
0.9963

0.9715
0.9715
0.9766
0.9787
0.9787
0.9767
0.9761
0.9795
0.9766
0.9789
0.9715
0.9776
0.9776
0.9784
0.9766
0.9784
0.9766
0.9786
0.9767
0.9786
0.9768
0.9794
0.9770
0.9776
0.9787
0.9799
0.9784
0.9767
0.9784
0.9784

0.9931
0.9941
0.9971
0.9920
0.9926
0.9935
0.9955
0.9936
0.9937
0.9934
0.9938
0.9927
0.9878
0.9995
0.9951
0.9926
0.9976
0.9853
0.9926
0.9913
0.9878
0.9943
0.9938
0.9910
0.9935
0.9918
0.9947
0.9879
0.9959
0.9949

0.9584
0.9627
0.9529
0.9657
0.9535
0.9640
0.9619
0.9405
0.9688
0.9516
0.9674
0.9696
0.9695
0.9622
0.9412
0.9662
0.9518
0.9617
0.9637
0.9544
0.9614
0.9544
0.9660
0.9641
0.9652
0.9625
0.9615
0.9667
0.9575
0.9591
