0.9898
0.9762
0.9786
0.9794
0.9899
0.9742
0.9759
0.9754
0.9736
0.9892
0.9652
0.9787
0.9971
0.9752
1.0000
0.9865
0.9833
0.9814
0.9798
0.9823
0.9715
0.9801
0.9829
0.9669
0.9777
0.9830
0.9929
0.9860
0.9789
0.9758

0.9552
0.9573
0.9628
0.9636
0.9511
0.9704
0.9511
0.9640
0.9594
0.9582
0.9664
0.9586
0.9598
0.9600
0.9682
0.9513
0.9589
0.9583
0.9528
0.9484
0.9433
0.9596
0.9506
0.9499
0.9648
0.9657
0.9645
0.9626
0.9724
0.9577

0.9715
0.9772
0.9582
0.9621
0.9782
0.9866
0.9821
0.9863
0.9743
0.9714
0.9643
0.9761
0.9742
0.9884
0.9784
0.9777
0.9872
0.9657
0.9719
0.9855
0.9955
0.9670
0.9757
0.9804
0.9691
0.9679
0.9604
0.9816
0.9585
0.9509

0.9532
0.9627
0.9572
0.9560
0.9547
0.9623
0.9436
0.9519
0.9367
0.9332
0.9523
0.9339
0.9377
0.9524
0.9366
0.9527
0.9424
0.9501
0.9590
0.9361
0.9450
0.9574
0.9572
0.9499
0.9371
0.9506
0.9556
0.9553
0.9561
0.9408
