1.0000
1.0000
1.0000
1.0000
1.0000
1.0000
1.0000
1.0000
1.0000
1.0000
1.0000
1.0000
1.0000
1.0000
1.0000
1.0000
1.0000
1.0000
1.0000
1.0000
1.0000
1.0000
1.0000
1.0000
1.0000
1.0000
1.0000
1.0000
1.0000
1.0000

0.9960
0.9960
0.9960
0.9960
0.9960
0.9960
0.9960
0.9960
0.9960
0.9960
0.9960
0.9960
0.9960
0.9960
0.9960
0.9960
0.9960
0.9960
0.9960
0.9960
0.9960
0.9960
0.9960
0.9960
0.9960
0.9960
0.9960
0.9960
0.9960
0.9960

0.9670
0.9670
0.9670
0.9670
0.9670
0.9670
0.9670
0.9670
0.9670
0.9670
0.9670
0.9670
0.9670
0.9670
0.9670
0.9670
0.9670
0.9670
0.9670
0.9670
0.9670
0.9670
0.9670
0.9670
0.9670
0.9670
0.9670
0.9670
0.9670
0.9670

0.9070
0.9070
0.9070
0.9070
0.9070
0.9070
0.9070
0.9070
0.9070
0.9070
0.9070
0.9070
0.9070
0.9070
0.9070
0.9070
0.9070
0.9070
0.9070
0.9070
0.9070
0.9070
0.9070
0.9070
0.9070
0.9070
0.9070
0.9070
0.9070
0.9070
