0.9990
0.9990
0.9990
0.9990
1.0000
1.0000
1.0000
1.0000
0.9652
0.9652
0.9652
0.9652
0.9652
0.9652
0.9887
0.9887
0.9887
0.9887
0.9652
0.9652
0.9652
0.9652
0.9652
0.9877
0.9877
0.9877
0.9877
0.9877
0.9877
0.9293

0.9293
0.9293
0.9293
0.9293
0.9293
0.9293
0.9293
0.9293
0.9293
0.9293
0.9293
0.9293
0.9293
0.9293
0.9293
0.9293
0.9293
0.9293
0.9293
0.9293
0.9293
0.9293
0.9293
0.9293
0.9293
0.9293
0.9293
0.9293
0.9293
0.9293

0.9293
0.9293
0.9293
0.9293
0.9293
0.9293
0.9293
0.9293
0.9293
0.9293
0.9293
0.9293
0.9293
0.9293
0.9293
0.9293
0.9293
0.9293
0.9293
0.9293
0.9293
0.9293
0.9293
0.9293
0.9293
0.9293
0.9293
0.9293
0.9293
0.9293

0.9293
0.9293
0.9293
0.9293
0.9293
0.9293
0.9293
0.9293
0.9293
0.9293
0.9293
0.9293
0.9293
0.9293
0.9293
0.9293
0.9293
0.9293
0.9293
0.9293
0.9293
0.9293
0.9293
0.9293
0.9293
0.9293
0.9293
0.9293
0.9293
0.9293
