0.9982
0.9953
0.9953
0.9953
0.9953
0.9953
0.9953
0.9953
0.9953
0.9953
0.9982
0.9953
0.9982
0.9953
0.9953
0.9953
0.9953
0.9953
0.9953
0.9953
0.9953
1.0000
0.9953
0.9953
0.9953
0.9953
0.9953
0.9953
0.9982
0.9953

0.8681
0.8681
0.8681
0.8681
0.8681
0.8681
0.8681
0.8681
0.8681
0.8681
0.8681
0.8681
0.8681
0.8681
0.8681
0.8681
0.8681
0.8681
0.8681
0.8681
0.8681
0.8681
0.8681
0.8681
0.8681
0.8681
0.8681
0.8681
0.8681
0.8681

0.9191
0.9187
0.9134
0.9260
0.9154
0.9118
0.9107
0.9213
0.9265
0.8972
0.9310
0.8879
0.9219
0.9091
0.9146
0.9185
0.9172
0.9213
0.9029
0.9092
0.9140
0.8971
0.9031
0.9178
0.9308
0.9311
0.9104
0.9371
0.9188
0.9286

0.7999
0.7999
0.7951
0.7999
0.7999
0.7999
0.8034
0.8050
0.7903
0.7999
0.8118
0.8050
0.7999
0.7999
0.8142
0.8110
0.7999
0.7999
0.8188
0.7999
0.8050
0.7999
0.7999
0.8115
0.7999
0.8197
0.8050
0.7988
0.8155
0.8170
