0.9873
0.9920
0.9943
0.9761
0.9713
1.0000
0.9926
0.9805
0.9924
0.9837
0.9837
0.9471
0.9978
0.9784
0.9887
0.9620
0.9797
0.9816
0.9867
0.9898
0.9734
0.9814
0.9846
0.9745
0.9657
0.9927
0.9512
0.9956
0.9707
0.9878

0.8309
0.8341
0.8339
0.8310
0.8241
0.8273
0.8374
0.8406
0.8288
0.8402
0.8409
0.8435
0.8256
0.8473
0.8372
0.8247
0.8473
0.8395
0.8331
0.8456
0.8263
0.8443
0.8352
0.8297
0.8377
0.8299
0.8239
0.8373
0.8400
0.8244

0.9002
0.9286
0.9179
0.9415
0.9199
0.9286
0.9263
0.9152
0.9402
0.9077
0.9055
0.9304
0.9283
0.9341
0.8917
0.9211
0.9343
0.9241
0.8978
0.9440
0.9208
0.9224
0.8849
0.8975
0.9179
0.9254
0.9237
0.9151
0.9034
0.9294

0.8362
0.8276
0.8511
0.8217
0.8334
0.8390
0.8267
0.8302
0.8399
0.8399
0.8326
0.8352
0.8347
0.8393
0.8328
0.8402
0.8314
0.8281
0.8250
0.8418
0.8302
0.8336
0.8344
0.8371
0.8347
0.8341
0.8432
0.8430
0.8307
0.8349
