1.0000
1.0000
1.0000
1.0000
1.0000
1.0000
1.0000
1.0000
1.0000
1.0000
1.0000
1.0000
1.0000
1.0000
1.0000
1.0000
1.0000
1.0000
1.0000
1.0000
1.0000
1.0000
1.0000
1.0000
1.0000
1.0000
1.0000
1.0000
1.0000
1.0000

0.9036
0.9036
0.9036
0.9036
0.9036
0.9036
0.9036
0.9036
0.9036
0.9036
0.9036
0.9036
0.9036
0.9036
0.9036
0.9036
0.9036
0.9036
0.9036
0.9036
0.9036
0.9036
0.9036
0.9036
0.9036
0.9036
0.9036
0.9036
0.9036
0.9036

0.8718
0.8951
0.8840
0.9083
0.9179
0.8956
0.8840
0.9068
0.9224
0.8840
0.9224
0.8956
0.8718
0.9209
0.9199
0.8718
0.9116
0.8956
0.9224
0.9149
0.9116
0.9051
0.9224
0.9076
0.9116
0.9021
0.8718
0.9199
0.8718
0.9166

0.8315
0.8380
0.8249
0.8390
0.8232
0.8272
0.8327
0.8377
0.8332
0.8162
0.8279
0.8432
0.8302
0.8287
0.8327
0.8412
0.8340
0.8267
0.8239
0.8279
0.8247
0.8132
0.8372
0.8189
0.8355
0.8222
0.8254
0.8262
0.8322
0.8279
