0.9656
0.9671
0.8857
0.9604
0.9376
0.9615
0.9406
0.8867
0.9430
0.9478
0.9422
0.9715
0.9599
0.9358
0.9776
0.9571
0.9448
0.9335
0.8792
0.9535
0.9435
0.9455
0.9733
0.9458
1.0000
0.9358
0.9162
0.9196
0.9512
0.9332

0.8199
0.8196
0.8279
0.8366
0.8212
0.8281
0.8142
0.8271
0.8281
0.8464
0.8212
0.8356
0.8253
0.8309
0.8330
0.8201
0.8207
0.8340
0.8214
0.8225
0.8279
0.8284
0.8243
0.8330
0.8237
0.8571
0.8183
0.8150
0.8330
0.8140

0.9147
0.9075
0.9016
0.9018
0.9013
0.8903
0.8936
0.8762
0.9129
0.8903
0.8869
0.9283
0.9114
0.9144
0.9150
0.9221
0.8875
0.9008
0.9111
0.8972
0.9039
0.9203
0.9247
0.8944
0.8823
0.9062
0.8764
0.9090
0.9062
0.8954

0.8212
0.8186
0.8191
0.8204
0.8273
0.8312
0.8430
0.8309
0.8199
0.8207
0.8276
0.8250
0.8340
0.8217
0.8276
0.8345
0.8330
0.8014
0.8299
0.8158
0.8338
0.8273
0.8371
0.8194
0.8366
0.8212
0.8240
0.8366
0.8225
0.8199
