1.0000
1.0000
1.0000
1.0000
1.0000
1.0000
1.0000
1.0000
1.0000
1.0000
1.0000
1.0000
1.0000
1.0000
1.0000
1.0000
1.0000
1.0000
1.0000
1.0000
1.0000
1.0000
1.0000
1.0000
1.0000
1.0000
1.0000
1.0000
1.0000
1.0000

0.9627
0.9627
0.9627
0.9627
0.9627
0.9627
0.9627
0.9627
0.9627
0.9627
0.9627
0.9627
0.9627
0.9627
0.9627
0.9627
0.9627
0.9627
0.9627
0.9627
0.9627
0.9627
0.9627
0.9627
0.9627
0.9627
0.9627
0.9627
0.9627
0.9627

0.9485
0.9512
0.9417
0.9471
0.9581
0.9715
0.9518
0.9365
0.9362
0.9463
0.9422
0.9422
0.9466
0.9496
0.9575
0.9400
0.9477
0.9469
0.9504
0.9444
0.9592
0.9400
0.9488
0.9565
0.9469
0.9504
0.9491
0.9447
0.9365
0.9422

0.9192
0.9214
0.9192
0.9137
0.9217
0.9154
0.9102
0.9151
0.9140
0.9200
0.9192
0.9236
0.8976
0.9187
0.9162
0.9208
0.9184
0.9134
0.9241
0.9055
0.9129
0.9280
0.9236
0.9214
0.9061
0.9145
0.9126
0.9285
0.9184
0.9165
