0.9592
0.9658
0.9825
0.9737
0.9592
0.9652
0.9759
0.9581
0.9390
0.9754
0.9773
0.9565
0.9625
0.9767
0.9625
0.9499
0.9496
0.9228
0.9691
0.9767
0.9537
0.9412
0.9781
0.9521
1.0000
0.9797
0.9343
0.9806
0.9636
0.9316

0.8930
0.8881
0.8725
0.8837
0.8851
0.8829
0.8744
0.8763
0.8820
0.8862
0.8815
0.8853
0.8799
0.8719
0.8886
0.8810
0.8766
0.8905
0.8799
0.8801
0.8826
0.8719
0.8722
0.8716
0.8777
0.8733
0.8804
0.8716
0.8820
0.8782

0.9245
0.9401
0.9264
0.9288
0.9340
0.9305
0.9321
0.9453
0.9535
0.9343
0.9362
0.9305
0.9360
0.9357
0.9442
0.9198
0.9401
0.9346
0.9308
0.9108
0.9275
0.9499
0.9212
0.9417
0.9267
0.9398
0.9291
0.9313
0.9160
0.9439

0.8944
0.8919
0.8968
0.8886
0.8976
0.8938
0.8985
0.8993
0.8930
0.8957
0.8974
0.8842
0.9039
0.9050
0.8927
0.9028
0.9018
0.8960
0.9048
0.8944
0.8941
0.8900
0.8908
0.8966
0.8793
0.8938
0.8853
0.8900
0.9012
0.8941
