0.9747
0.9967
0.9794
0.9700
0.9459
0.9962
0.9740
0.9621
0.9895
0.9458
0.9740
0.9892
0.9758
0.9751
0.9800
0.9902
0.9723
0.9605
0.9713
0.9887
0.9807
1.0000
0.9782
0.9525
0.9729
0.9966
0.9639
0.9898
0.9462
0.9599

0.8312
0.8261
0.8451
0.8342
0.8450
0.8308
0.8458
0.8412
0.8377
0.8592
0.8510
0.8359
0.8458
0.8368
0.8499
0.8455
0.8293
0.8569
0.8420
0.8501
0.8428
0.8428
0.8428
0.8355
0.8472
0.8286
0.8324
0.8369
0.8395
0.8309

0.9328
0.9142
0.9267
0.9294
0.9227
0.8997
0.9200
0.8999
0.9246
0.8875
0.9203
0.9218
0.9195
0.9341
0.9287
0.9075
0.8999
0.9318
0.9124
0.9121
0.9105
0.9105
0.8969
0.8994
0.9124
0.9094
0.9078
0.9139
0.9215
0.9381

0.8478
0.8482
0.8510
0.8428
0.8435
0.8537
0.8278
0.8373
0.8428
0.8396
0.8363
0.8571
0.8506
0.8382
0.8536
0.8455
0.8411
0.8398
0.8373
0.8357
0.8418
0.8527
0.8474
0.8332
0.8423
0.8445
0.8425
0.8412
0.8440
0.8326
